scope,model_family,outcome,outcome_label,axis,axis_label,n,cells,years,events,axis_mean,axis_sd,estimate_per_sd,standard_error,ci_low,ci_high,t_statistic,degrees_freedom,p_value,cell_clusters,year_clusters,q_value,ci_excludes_zero,supported_bh
primary_7p2km,logistic,trajectory_rank_quality_pp,Trajectory rank quality (pp),grazing_log1p,Urchin grazing pressure,424,52,17,151,3.042650800523827,2.4806707192087316,1.1279941655371606,1.667231415764249,-2.4063785477696253,4.6623668788439465,0.6765672448776973,16,0.5083441337491188,52,17,0.7836970355556342,False,False
primary_7p2km,logistic,trajectory_rank_quality_pp,Trajectory rank quality (pp),rock_probability,Rock probability,424,52,17,151,0.6284210003183963,0.1780065536780605,-0.4939964009105936,1.7695715096119657,-4.245320421487955,3.2573276196667678,-0.2791615926382754,16,0.7836970355556342,52,17,0.7836970355556342,False,False
primary_7p2km,logistic,trajectory_rank_quality_pp,Trajectory rank quality (pp),depth_m,Depth,424,52,17,151,11.105097517007076,2.4904692216995223,-0.4466685232154095,1.566781853841104,-3.768097677896867,2.874760631466048,-0.2850866073795546,16,0.7792350401921764,52,17,0.7836970355556342,False,False
primary_7p2km,logistic,trajectory_rank_quality_pp,Trajectory rank quality (pp),kelp_species_contrast,Bull-vs-giant kelp contrast,424,52,17,151,-1.0425781106455323,1.8791390467851712,-0.9117814979368363,2.2759736986632833,-5.736630202621329,3.913067206747657,-0.4006116144805806,16,0.694004667144975,52,17,0.7836970355556342,False,False
primary_7p2km,logistic,trajectory_false_negative,False-negative probability,grazing_log1p,Urchin grazing pressure,151,45,16,151,3.293382789076161,2.4760239915943014,0.01084991423649835,0.04140353300609524,-0.07739962737391254,0.09909945584690924,0.262052859955238,15,0.7968452153036498,45,16,0.7968452153036498,False,False
primary_7p2km,logistic,trajectory_false_negative,False-negative probability,rock_probability,Rock probability,151,45,16,151,0.6267995585132451,0.18886525267198007,0.04557593983732666,0.027488578299106177,-0.013014577886387518,0.10416645756104084,1.657995526047581,15,0.11807834597325183,45,16,0.2639948583064529,False,False
primary_7p2km,logistic,trajectory_false_negative,False-negative probability,depth_m,Depth,151,45,16,151,11.195203799569537,2.6962438038273095,0.054193468687084655,0.03450543643792838,-0.01935312812787953,0.12774006550204883,1.5705776909842295,15,0.13713191189046656,45,16,0.2639948583064529,False,False
primary_7p2km,logistic,trajectory_false_negative,False-negative probability,kelp_species_contrast,Bull-vs-giant kelp contrast,151,45,16,151,-1.081815805855574,1.9623255620620788,0.08387114371370084,0.062267655098045244,-0.04884922144810057,0.21659150887550227,1.346945594492666,15,0.19799614372983967,45,16,0.2639948583064529,False,False
primary_7p2km,logistic,trajectory_false_positive,False-positive probability,grazing_log1p,Urchin grazing pressure,273,50,17,0,2.903967539456418,2.4723392523376155,-0.0032103982997208486,0.020150716968532625,-0.045928009984420815,0.03950721338497912,-0.15931930882331427,16,0.8754110957989143,50,17,0.8754110957989143,False,False
primary_7p2km,logistic,trajectory_false_positive,False-positive probability,rock_probability,Rock probability,273,50,17,0,0.6293178417564103,0.17169917952563485,0.016597506051524043,0.022005362417640156,-0.03005177834891556,0.06324679045196364,0.7542482480642531,16,0.4616574897904383,50,17,0.7688440761550622,False,False
primary_7p2km,logistic,trajectory_false_positive,False-positive probability,depth_m,Depth,273,50,17,0,11.055258510901098,2.3675150678511048,-0.013161328514255555,0.023092401937847368,-0.06211503375404536,0.03579237672553425,-0.5699419466922041,16,0.5766330571162966,50,17,0.7688440761550622,False,False
primary_7p2km,logistic,trajectory_false_positive,False-positive probability,kelp_species_contrast,Bull-vs-giant kelp contrast,273,50,17,0,-1.0208752096319194,1.8311441992772501,0.025195612361559018,0.0158570920977417,-0.008419921206683091,0.05881114592980113,1.588917577463479,16,0.1316415665831602,50,17,0.5265662663326408,False,False
primary_7p2km,logistic,oisst_signed_rank_gain_pp,OISST signed rank gain (pp),grazing_log1p,Urchin grazing pressure,424,52,17,151,3.042650800523827,2.4806707192087316,0.25950002627498153,0.8328453234548363,-1.5060531883485657,2.025053240898529,0.3115824979343283,16,0.7593810763869794,52,17,0.7593810763869794,False,False
primary_7p2km,logistic,oisst_signed_rank_gain_pp,OISST signed rank gain (pp),rock_probability,Rock probability,424,52,17,151,0.6284210003183963,0.1780065536780605,0.4515924010411372,0.4837585459989217,-0.5739299041655459,1.4771147062478203,0.9335078517499591,16,0.3644325943811881,52,17,0.7288651887623762,False,False
primary_7p2km,logistic,oisst_signed_rank_gain_pp,OISST signed rank gain (pp),depth_m,Depth,424,52,17,151,11.105097517007076,2.4904692216995223,-0.8360235570025621,0.8909197642594803,-2.724689086437185,1.052641972432061,-0.938382546376051,16,0.3619985055864476,52,17,0.7288651887623762,False,False
primary_7p2km,logistic,oisst_signed_rank_gain_pp,OISST signed rank gain (pp),kelp_species_contrast,Bull-vs-giant kelp contrast,424,52,17,151,-1.0425781106455323,1.8791390467851712,0.4123516098458868,1.0667370856136908,-1.8490299908224137,2.6737332105141873,0.38655411479264556,16,0.7041787537147618,52,17,0.7593810763869794,False,False
primary_7p2km,logistic,oisst_brier_gain,OISST Brier-score improvement,grazing_log1p,Urchin grazing pressure,424,52,17,151,3.042650800523827,2.4806707192087316,0.004962131383907871,0.005555943187316544,-0.006815942021056698,0.01674020478887244,0.8931213327083214,16,0.38502890414276575,52,17,0.7700578082855315,False,False
primary_7p2km,logistic,oisst_brier_gain,OISST Brier-score improvement,rock_probability,Rock probability,424,52,17,151,0.6284210003183963,0.1780065536780605,-0.001689087021015303,0.005780428103054852,-0.013943047188448748,0.010564873146418142,-0.29220794565763236,16,0.7738826673543053,52,17,0.8932298699046558,False,False
primary_7p2km,logistic,oisst_brier_gain,OISST Brier-score improvement,depth_m,Depth,424,52,17,151,11.105097517007076,2.4904692216995223,-0.004558067373125828,0.004313517688240812,-0.01370231637871214,0.004586181632460485,-1.056693794383106,16,0.30634596145885473,52,17,0.7700578082855315,False,False
primary_7p2km,logistic,oisst_brier_gain,OISST Brier-score improvement,kelp_species_contrast,Bull-vs-giant kelp contrast,424,52,17,151,-1.0425781106455323,1.8791390467851712,-0.0009055912881293501,0.006640690510017789,-0.014983226290804355,0.013172043714545657,-0.13637004868141706,16,0.8932298699046558,52,17,0.8932298699046558,False,False
primary_7p2km,random_forest,trajectory_rank_quality_pp,Trajectory rank quality (pp),grazing_log1p,Urchin grazing pressure,424,52,17,151,3.042650800523827,2.4806707192087316,0.5048475043789338,1.9546443674723668,-3.6388134483187136,4.648508457076582,0.2582810012809509,16,0.7994829874658256,52,17,0.9929807006374152,False,False
primary_7p2km,random_forest,trajectory_rank_quality_pp,Trajectory rank quality (pp),rock_probability,Rock probability,424,52,17,151,0.6284210003183963,0.1780065536780605,0.12239810323260647,1.8818151415366722,-3.8668717874657803,4.111667993930993,0.06504257540018375,16,0.9489458435402401,52,17,0.9929807006374152,False,False
primary_7p2km,random_forest,trajectory_rank_quality_pp,Trajectory rank quality (pp),depth_m,Depth,424,52,17,151,11.105097517007076,2.4904692216995223,-0.017511135246795928,1.9596251476141493,-4.171730870161264,4.1367085996676725,-0.00893596169048749,16,0.9929807006374152,52,17,0.9929807006374152,False,False
primary_7p2km,random_forest,trajectory_rank_quality_pp,Trajectory rank quality (pp),kelp_species_contrast,Bull-vs-giant kelp contrast,424,52,17,151,-1.0425781106455323,1.8791390467851712,-1.189960719712191,2.3456190389012646,-6.162450950233248,3.7825295108088657,-0.5073120144307802,16,0.6188566520108031,52,17,0.9929807006374152,False,False
primary_7p2km,random_forest,trajectory_false_negative,False-negative probability,grazing_log1p,Urchin grazing pressure,151,45,16,151,3.293382789076161,2.4760239915943014,-0.013461877597799432,0.04398591274400381,-0.10721563132703832,0.08029187613143945,-0.3060497499767028,15,0.7637734757362051,45,16,0.8312485507022493,False,False
primary_7p2km,random_forest,trajectory_false_negative,False-negative probability,rock_probability,Rock probability,151,45,16,151,0.6267995585132451,0.18886525267198007,0.01699019277292773,0.04235372308013746,-0.07328463103899585,0.10726501658485132,0.401149923485607,15,0.6939662172467091,45,16,0.8312485507022493,False,False
primary_7p2km,random_forest,trajectory_false_negative,False-negative probability,depth_m,Depth,151,45,16,151,11.195203799569537,2.6962438038273095,0.00794049942379602,0.036617813358240416,-0.07010852221801821,0.08598952106561024,0.21684799543086594,15,0.8312485507022493,45,16,0.8312485507022493,False,False
primary_7p2km,random_forest,trajectory_false_negative,False-negative probability,kelp_species_contrast,Bull-vs-giant kelp contrast,151,45,16,151,-1.081815805855574,1.9623255620620788,0.023733703474783326,0.05947592585844743,-0.1030362316679514,0.15050363861751803,0.39904723015610527,15,0.6954818759184374,45,16,0.8312485507022493,False,False
primary_7p2km,random_forest,trajectory_false_positive,False-positive probability,grazing_log1p,Urchin grazing pressure,273,50,17,0,2.903967539456418,2.4723392523376155,-0.014482280571834934,0.025259014674289364,-0.06802899963296838,0.03906443848929852,-0.5733509702805689,16,0.5743780194097118,50,17,0.949916662924814,False,False
primary_7p2km,random_forest,trajectory_false_positive,False-positive probability,rock_probability,Rock probability,273,50,17,0,0.6293178417564103,0.17169917952563485,-0.0006824566658711487,0.02251420796179597,-0.04841044543185179,0.04704553210010949,-0.030312266237799677,16,0.9761929076788526,50,17,0.9761929076788526,False,False
primary_7p2km,random_forest,trajectory_false_positive,False-positive probability,depth_m,Depth,273,50,17,0,11.055258510901098,2.3675150678511048,-0.007453993126972693,0.01986661320241467,-0.049569331732350494,0.0346613454784051,-0.37520200605036713,16,0.7124374971936105,50,17,0.949916662924814,False,False
primary_7p2km,random_forest,trajectory_false_positive,False-positive probability,kelp_species_contrast,Bull-vs-giant kelp contrast,273,50,17,0,-1.0208752096319194,1.8311441992772501,0.01176536805651024,0.01929565347324729,-0.029139589993363697,0.052670326106384176,0.6097418816534245,16,0.5505947192990182,50,17,0.949916662924814,False,False
primary_7p2km,random_forest,oisst_signed_rank_gain_pp,OISST signed rank gain (pp),grazing_log1p,Urchin grazing pressure,424,52,17,151,3.042650800523827,2.4806707192087316,-2.0176144913938856,1.0710245572626471,-4.288085125931069,0.2528561431432981,-1.8838172082165492,16,0.07789454075582036,52,17,0.31157816302328145,False,False
primary_7p2km,random_forest,oisst_signed_rank_gain_pp,OISST signed rank gain (pp),rock_probability,Rock probability,424,52,17,151,0.6284210003183963,0.1780065536780605,-0.42757242248720123,0.8072643514568799,-2.13889639901305,1.2837515540386477,-0.5296560187695096,16,0.6036229574694219,52,17,0.6036229574694219,False,False
primary_7p2km,random_forest,oisst_signed_rank_gain_pp,OISST signed rank gain (pp),depth_m,Depth,424,52,17,151,11.105097517007076,2.4904692216995223,-0.6614292128185276,0.863843273999414,-2.4926951470665233,1.1698367214294683,-0.7656819619098827,16,0.45501328988556866,52,17,0.6036229574694219,False,False
primary_7p2km,random_forest,oisst_signed_rank_gain_pp,OISST signed rank gain (pp),kelp_species_contrast,Bull-vs-giant kelp contrast,424,52,17,151,-1.0425781106455323,1.8791390467851712,-0.7368763442233537,1.007571596663204,-2.8728327113345005,1.3990800228877929,-0.7313389407399757,16,0.47514759231794224,52,17,0.6036229574694219,False,False
primary_7p2km,random_forest,oisst_brier_gain,OISST Brier-score improvement,grazing_log1p,Urchin grazing pressure,424,52,17,151,3.042650800523827,2.4806707192087316,-0.0023726593670984368,0.003699546373835699,-0.010215347329707511,0.005470028595510638,-0.6413379175021552,16,0.5303837616740031,52,17,0.6970032236587724,False,False
primary_7p2km,random_forest,oisst_brier_gain,OISST Brier-score improvement,rock_probability,Rock probability,424,52,17,151,0.6284210003183963,0.1780065536780605,-0.007510577154390156,0.008040880210199471,-0.02455648172239533,0.009535327413615019,-0.9340491287089875,16,0.364161765600371,52,17,0.6970032236587724,False,False
primary_7p2km,random_forest,oisst_brier_gain,OISST Brier-score improvement,depth_m,Depth,424,52,17,151,11.105097517007076,2.4904692216995223,-0.00489428062800183,0.003998346690386471,-0.013370396965075875,0.0035818357090722144,-1.2240761011969075,16,0.23864314433192751,52,17,0.6970032236587724,False,False
primary_7p2km,random_forest,oisst_brier_gain,OISST Brier-score improvement,kelp_species_contrast,Bull-vs-giant kelp contrast,424,52,17,151,-1.0425781106455323,1.8791390467851712,-0.0018693194069334222,0.004715026667598699,-0.011864729425545438,0.008126090611678594,-0.39645998606524147,16,0.6970032236587724,52,17,0.6970032236587724,False,False
primary_7p2km,xgboost,trajectory_rank_quality_pp,Trajectory rank quality (pp),grazing_log1p,Urchin grazing pressure,424,52,17,151,3.042650800523827,2.4806707192087316,-0.7300466852341398,2.0442394465980374,-5.063640720954444,3.603547350486165,-0.35712386161467624,16,0.7256657470695429,52,17,0.8502133765559464,False,False
primary_7p2km,xgboost,trajectory_rank_quality_pp,Trajectory rank quality (pp),rock_probability,Rock probability,424,52,17,151,0.6284210003183963,0.1780065536780605,0.35706445903558237,1.860409630180282,-3.586827774705852,4.300956692777016,0.19192787074585355,16,0.8502133765559464,52,17,0.8502133765559464,False,False
primary_7p2km,xgboost,trajectory_rank_quality_pp,Trajectory rank quality (pp),depth_m,Depth,424,52,17,151,11.105097517007076,2.4904692216995223,0.3840457881474809,1.8518773455103195,-3.5417588101076354,4.309850386402597,0.20738187066144487,16,0.8383280901255036,52,17,0.8502133765559464,False,False
primary_7p2km,xgboost,trajectory_rank_quality_pp,Trajectory rank quality (pp),kelp_species_contrast,Bull-vs-giant kelp contrast,424,52,17,151,-1.0425781106455323,1.8791390467851712,-0.8979532010592495,2.464373098642316,-6.122190792129398,4.326284390010899,-0.3643738854128679,16,0.7203496495658746,52,17,0.8502133765559464,False,False
primary_7p2km,xgboost,trajectory_false_negative,False-negative probability,grazing_log1p,Urchin grazing pressure,151,45,16,151,3.293382789076161,2.4760239915943014,-0.03534571496887211,0.03431274522892395,-0.10848160019397042,0.037790170256226205,-1.0301045495793621,15,0.31928558036414567,45,16,0.8215155836098981,False,False
primary_7p2km,xgboost,trajectory_false_negative,False-negative probability,rock_probability,Rock probability,151,45,16,151,0.6267995585132451,0.18886525267198007,0.017373056134131305,0.039538636851232246,-0.06690155341448067,0.10164766568274328,0.4393944131027841,15,0.6666398710539773,45,16,0.8348870442266901,False,False
primary_7p2km,xgboost,trajectory_false_negative,False-negative probability,depth_m,Depth,151,45,16,151,11.195203799569537,2.6962438038273095,0.03993056340273954,0.047190134605453876,-0.060652827556959776,0.14051395436243885,0.8461633715731056,15,0.41075779180494904,45,16,0.8215155836098981,False,False
primary_7p2km,xgboost,trajectory_false_negative,False-negative probability,kelp_species_contrast,Bull-vs-giant kelp contrast,151,45,16,151,-1.081815805855574,1.9623255620620788,0.012907557952584477,0.06085707666484875,-0.11680623044880384,0.14262134635397278,0.21209625338510427,15,0.8348870442266901,45,16,0.8348870442266901,False,False
primary_7p2km,xgboost,trajectory_false_positive,False-positive probability,grazing_log1p,Urchin grazing pressure,273,50,17,0,2.903967539456418,2.4723392523376155,-0.014157760867270284,0.029905407344630507,-0.07755439237252272,0.04923887063798215,-0.4734180913878205,16,0.6423097041338971,50,17,0.8822070794774167,False,False
primary_7p2km,xgboost,trajectory_false_positive,False-positive probability,rock_probability,Rock probability,273,50,17,0,0.6293178417564103,0.17169917952563485,0.004701731007003301,0.026319686557066516,-0.051093511999164426,0.06049697401317103,0.17863932371720984,16,0.8604633031818627,50,17,0.8822070794774167,False,False
primary_7p2km,xgboost,trajectory_false_positive,False-positive probability,depth_m,Depth,273,50,17,0,11.055258510901098,2.3675150678511048,-0.016730408002177705,0.02296286850556234,-0.06540951463244016,0.03194869862808475,-0.7285852809776385,16,0.47678491472250173,50,17,0.8822070794774167,False,False
primary_7p2km,xgboost,trajectory_false_positive,False-positive probability,kelp_species_contrast,Bull-vs-giant kelp contrast,273,50,17,0,-1.0208752096319194,1.8311441992772501,-0.0053727809484306575,0.03568607833232593,-0.08102388751355319,0.07027832561669187,-0.15055677730673392,16,0.8822070794774167,50,17,0.8822070794774167,False,False
primary_7p2km,xgboost,oisst_signed_rank_gain_pp,OISST signed rank gain (pp),grazing_log1p,Urchin grazing pressure,424,52,17,151,3.042650800523827,2.4806707192087316,-2.403688888853572,1.7488340365322788,-6.111051430356847,1.303673652649703,-1.37445225712772,16,0.1882479440410773,52,17,0.42311047073627733,False,False
primary_7p2km,xgboost,oisst_signed_rank_gain_pp,OISST signed rank gain (pp),rock_probability,Rock probability,424,52,17,151,0.6284210003183963,0.1780065536780605,0.09469972832213003,1.2431571121196878,-2.5406756214249877,2.7300750780692478,0.07617679808842423,16,0.9402228405904323,52,17,0.9402228405904323,False,False
primary_7p2km,xgboost,oisst_signed_rank_gain_pp,OISST signed rank gain (pp),depth_m,Depth,424,52,17,151,11.105097517007076,2.4904692216995223,-1.1148555626031909,1.0468493522577622,-3.334077051940759,1.104365926734377,-1.0649627476950319,16,0.3027010036910267,52,17,0.42311047073627733,False,False
primary_7p2km,xgboost,oisst_signed_rank_gain_pp,OISST signed rank gain (pp),kelp_species_contrast,Bull-vs-giant kelp contrast,424,52,17,151,-1.0425781106455323,1.8791390467851712,-2.0735362750755204,2.008865716179088,-6.33214135222747,2.1850688020764295,-1.0321925743346536,16,0.317332853052208,52,17,0.42311047073627733,False,False
primary_7p2km,xgboost,oisst_brier_gain,OISST Brier-score improvement,grazing_log1p,Urchin grazing pressure,424,52,17,151,3.042650800523827,2.4806707192087316,-0.009320191215245667,0.009686240774341397,-0.029854104362304984,0.01121372193181365,-0.9622093268561539,16,0.35026201833025244,52,17,0.5198099562779294,False,False
primary_7p2km,xgboost,oisst_brier_gain,OISST Brier-score improvement,rock_probability,Rock probability,424,52,17,151,0.6284210003183963,0.1780065536780605,-0.00985605931699769,0.011151092397452954,-0.03349531918246405,0.01378320054846867,-0.8838649134724178,16,0.389857467208447,52,17,0.5198099562779294,False,False
primary_7p2km,xgboost,oisst_brier_gain,OISST Brier-score improvement,depth_m,Depth,424,52,17,151,11.105097517007076,2.4904692216995223,-0.009927965661591678,0.0059056033299564525,-0.022447285455865048,0.0025913541326816926,-1.6811094661965529,16,0.11215484325168563,52,17,0.44861937300674254,False,False
primary_7p2km,xgboost,oisst_brier_gain,OISST Brier-score improvement,kelp_species_contrast,Bull-vs-giant kelp contrast,424,52,17,151,-1.0425781106455323,1.8791390467851712,-0.0032992133580579783,0.012507415717233636,-0.02981375021658477,0.023215323500468815,-0.26378057886986833,16,0.7953162103161393,52,17,0.7953162103161393,False,False
strict_5km,logistic,trajectory_rank_quality_pp,Trajectory rank quality (pp),grazing_log1p,Urchin grazing pressure,341,43,17,122,3.143620321411316,2.4225528161237877,1.1402048321917195,2.1018912911793013,-3.315605654366286,5.596015318749726,0.5424661289461781,16,0.5949733177758959,43,17,0.8340523101368629,False,False
strict_5km,logistic,trajectory_rank_quality_pp,Trajectory rank quality (pp),rock_probability,Rock probability,341,43,17,122,0.6438780764560117,0.1773335618110863,-0.4392730321867776,2.0627585593955433,-4.812125833263391,3.9335797688898353,-0.21295416770225362,16,0.8340523101368629,43,17,0.8340523101368629,False,False
strict_5km,logistic,trajectory_rank_quality_pp,Trajectory rank quality (pp),depth_m,Depth,341,43,17,122,11.315401084239005,2.6689754963305523,-1.1126828989571846,1.774111814886186,-4.873631936745448,2.6482661388310786,-0.6271774358419264,16,0.5393905087210493,43,17,0.8340523101368629,False,False
strict_5km,logistic,trajectory_rank_quality_pp,Trajectory rank quality (pp),kelp_species_contrast,Bull-vs-giant kelp contrast,341,43,17,122,-1.1245338286930242,1.8252842191130494,-1.0895920210113612,2.574333913789698,-6.546936126819134,4.367752084796412,-0.4232520168323323,16,0.6777457771272317,43,17,0.8340523101368629,False,False
strict_5km,logistic,trajectory_false_negative,False-negative probability,grazing_log1p,Urchin grazing pressure,122,37,16,122,3.3329773559146574,2.4423089274794596,-0.014907115935529883,0.04289560226139602,-0.10633692788209534,0.07652269601103556,-0.34752084478705575,15,0.7330283171310428,37,16,0.7330283171310428,False,False
strict_5km,logistic,trajectory_false_negative,False-negative probability,rock_probability,Rock probability,122,37,16,122,0.6523541957827867,0.18265484527985265,0.0633942937996331,0.033406246628748554,-0.007809435396070805,0.13459802299533702,1.897677835649983,15,0.0771562499948933,37,16,0.1543124999897866,False,False
strict_5km,logistic,trajectory_false_negative,False-negative probability,depth_m,Depth,122,37,16,122,11.422819829860655,2.9418741535832362,0.08784554562846256,0.04394976261447986,-0.0058311559236305655,0.18152224718055568,1.9987717885766378,15,0.06409059702068827,37,16,0.1543124999897866,False,False
strict_5km,logistic,trajectory_false_negative,False-negative probability,kelp_species_contrast,Bull-vs-giant kelp contrast,122,37,16,122,-1.1511303302863938,1.9045334316148987,0.06326626944677441,0.07291156920852541,-0.09214106160878724,0.21867360050233606,0.8677123553030978,15,0.39922129749520185,37,16,0.5322950633269358,False,False
strict_5km,logistic,trajectory_false_positive,False-positive probability,grazing_log1p,Urchin grazing pressure,219,41,17,0,3.038133754245072,2.4050195340015255,-0.0012703339675389962,0.025602459696646918,-0.055545123951559396,0.0530044560164814,-0.049617653248580966,16,0.9610412034834515,41,17,0.9610412034834515,False,False
strict_5km,logistic,trajectory_false_positive,False-positive probability,rock_probability,Rock probability,219,41,17,0,0.6391562200273974,0.17411988714122315,0.01532022881016639,0.028876825333073033,-0.0458959062381017,0.07653636385843449,0.5305371568189636,16,0.6030260146743376,41,17,0.8860401871556522,False,False
strict_5km,logistic,trajectory_false_positive,False-positive probability,depth_m,Depth,219,41,17,0,11.2555605044863,2.5020846822957026,-0.01139482075792874,0.025790429730860476,-0.06606808941357326,0.04327844789771578,-0.4418236096428379,16,0.6645301403667392,41,17,0.8860401871556522,False,False
strict_5km,logistic,trajectory_false_positive,False-positive probability,kelp_species_contrast,Bull-vs-giant kelp contrast,219,41,17,0,-1.1097175127369006,1.7794339108356592,0.022836784508030686,0.02584436279493406,-0.031950817135946656,0.07762438615200803,0.8836272996642459,16,0.3899819464510669,41,17,0.8860401871556522,False,False
strict_5km,logistic,oisst_signed_rank_gain_pp,OISST signed rank gain (pp),grazing_log1p,Urchin grazing pressure,341,43,17,122,3.143620321411316,2.4225528161237877,-0.16900005397180806,1.0114155786720038,-2.313105298913521,1.975105190969905,-0.1670925953045991,16,0.8693907450266241,43,17,0.8693907450266241,False,False
strict_5km,logistic,oisst_signed_rank_gain_pp,OISST signed rank gain (pp),rock_probability,Rock probability,341,43,17,122,0.6438780764560117,0.1773335618110863,0.5004413805934896,0.7268335150264962,-1.040376839562791,2.04125960074977,0.6885227087736129,16,0.5009858863420034,43,17,0.8693907450266241,False,False
strict_5km,logistic,oisst_signed_rank_gain_pp,OISST signed rank gain (pp),depth_m,Depth,341,43,17,122,11.315401084239005,2.6689754963305523,-0.42955800776612973,0.9685041941431421,-2.482695181248187,1.623579165715928,-0.44352725611701616,16,0.6633234366954739,43,17,0.8693907450266241,False,False
strict_5km,logistic,oisst_signed_rank_gain_pp,OISST signed rank gain (pp),kelp_species_contrast,Bull-vs-giant kelp contrast,341,43,17,122,-1.1245338286930242,1.8252842191130494,-0.3114395681303078,0.9819676979184816,-2.393118094611793,1.7702389583511775,-0.3171586690585438,16,0.7552242430056939,43,17,0.8693907450266241,False,False
strict_5km,logistic,oisst_brier_gain,OISST Brier-score improvement,grazing_log1p,Urchin grazing pressure,341,43,17,122,3.143620321411316,2.4225528161237877,0.004816294885299521,0.005924944386190913,-0.007744026116577819,0.01737661588717686,0.8128844038645683,16,0.42821492907690933,43,17,0.6911956013691563,False,False
strict_5km,logistic,oisst_brier_gain,OISST Brier-score improvement,rock_probability,Rock probability,341,43,17,122,0.6438780764560117,0.1773335618110863,-0.0030734591205115636,0.007598027824494156,-0.019180558569287267,0.01303364032826414,-0.40450748424525296,16,0.6911956013691563,43,17,0.6911956013691563,False,False
strict_5km,logistic,oisst_brier_gain,OISST Brier-score improvement,depth_m,Depth,341,43,17,122,11.315401084239005,2.6689754963305523,-0.002589778934220217,0.004471740805310858,-0.012069445964142625,0.006889888095702192,-0.5791433463997888,16,0.5705569367614788,43,17,0.6911956013691563,False,False
strict_5km,logistic,oisst_brier_gain,OISST Brier-score improvement,kelp_species_contrast,Bull-vs-giant kelp contrast,341,43,17,122,-1.1245338286930242,1.8252842191130494,-0.005769348544869386,0.006584937101395383,-0.019728791601156107,0.008190094511417334,-0.8761433034260616,16,0.3939161503066041,43,17,0.6911956013691563,False,False
strict_5km,random_forest,trajectory_rank_quality_pp,Trajectory rank quality (pp),grazing_log1p,Urchin grazing pressure,341,43,17,122,3.143620321411316,2.4225528161237877,0.5985887512997593,2.368572404355966,-4.4225604402836804,5.6197379428832,0.2527213228520749,16,0.8037016700441423,43,17,0.9183653160850087,False,False
strict_5km,random_forest,trajectory_rank_quality_pp,Trajectory rank quality (pp),rock_probability,Rock probability,341,43,17,122,0.6438780764560117,0.1773335618110863,-0.22320818735963788,2.1436852767553645,-4.7676179654159165,4.321201590696641,-0.10412358090991834,16,0.9183653160850087,43,17,0.9183653160850087,False,False
strict_5km,random_forest,trajectory_rank_quality_pp,Trajectory rank quality (pp),depth_m,Depth,341,43,17,122,11.315401084239005,2.6689754963305523,-0.309586200001706,2.2650396994703357,-5.111255861855389,4.492083461851976,-0.136680253363374,16,0.8929885967182827,43,17,0.9183653160850087,False,False
strict_5km,random_forest,trajectory_rank_quality_pp,Trajectory rank quality (pp),kelp_species_contrast,Bull-vs-giant kelp contrast,341,43,17,122,-1.1245338286930242,1.8252842191130494,-1.4761719580941648,2.071717755951771,-5.86801740742709,2.9156734912387607,-0.7125352639631137,16,0.48639536732436667,43,17,0.9183653160850087,False,False
strict_5km,random_forest,trajectory_false_negative,False-negative probability,grazing_log1p,Urchin grazing pressure,122,37,16,122,3.3329773559146574,2.4423089274794596,-0.025828837449946362,0.05231909495652867,-0.13734434861913816,0.08568667371924545,-0.4936789803303601,15,0.6286830559897089,37,16,0.8382440746529451,False,False
strict_5km,random_forest,trajectory_false_negative,False-negative probability,rock_probability,Rock probability,122,37,16,122,0.6523541957827867,0.18265484527985265,0.047567243953573875,0.04788898120747915,-0.05450570327842821,0.14964019118557595,0.9932816016170537,15,0.3363265934474698,37,16,0.8382440746529451,False,False
strict_5km,random_forest,trajectory_false_negative,False-negative probability,depth_m,Depth,122,37,16,122,11.422819829860655,2.9418741535832362,0.030380401368814515,0.03929036625663235,-0.05336503193376165,0.11412583467139067,0.7732277467300576,15,0.4514015105695336,37,16,0.8382440746529451,False,False
strict_5km,random_forest,trajectory_false_negative,False-negative probability,kelp_species_contrast,Bull-vs-giant kelp contrast,122,37,16,122,-1.1511303302863938,1.9045334316148987,-2.422694256684621e-05,0.07000074029550457,-0.14922727303426797,0.14917881914913428,-0.0003460955193412727,15,0.9997284166624666,37,16,0.9997284166624666,False,False
strict_5km,random_forest,trajectory_false_positive,False-positive probability,grazing_log1p,Urchin grazing pressure,219,41,17,0,3.038133754245072,2.4050195340015255,-0.009402011084918137,0.029984178393921708,-0.07296562975498821,0.054161607585151934,-0.3135657399511764,16,0.7579017603483448,41,17,0.9950223482197426,False,False
strict_5km,random_forest,trajectory_false_positive,False-positive probability,rock_probability,Rock probability,219,41,17,0,0.6391562200273974,0.17411988714122315,0.0038347145413666715,0.03053701159339597,-0.060900858157854336,0.06857028724058768,0.12557595983609537,16,0.9016319494292603,41,17,0.9950223482197426,False,False
strict_5km,random_forest,trajectory_false_positive,False-positive probability,depth_m,Depth,219,41,17,0,11.2555605044863,2.5020846822957026,-0.014191123207904343,0.02648609695959901,-0.07033914050824625,0.04195689409243755,-0.5357951845283584,16,0.5994699361108057,41,17,0.9950223482197426,False,False
strict_5km,random_forest,trajectory_false_positive,False-positive probability,kelp_species_contrast,Bull-vs-giant kelp contrast,219,41,17,0,-1.1097175127369006,1.7794339108356592,-0.00014259167637778805,0.02250221048390818,-0.04784514692540681,0.04755996357265123,-0.0063367852895944805,16,0.9950223482197426,41,17,0.9950223482197426,False,False
strict_5km,random_forest,oisst_signed_rank_gain_pp,OISST signed rank gain (pp),grazing_log1p,Urchin grazing pressure,341,43,17,122,3.143620321411316,2.4225528161237877,-1.7895498017526767,1.298208820224186,-4.541629559241702,0.9625299557363483,-1.378476077094933,16,0.18702707447497846,43,17,0.7133472882241397,False,False
strict_5km,random_forest,oisst_signed_rank_gain_pp,OISST signed rank gain (pp),rock_probability,Rock probability,341,43,17,122,0.6438780764560117,0.1773335618110863,-0.5958612975899216,0.9397741855944733,-2.5880935737029844,1.3963709785231413,-0.6340473134117823,16,0.5350104661681048,43,17,0.7133472882241397,False,False
strict_5km,random_forest,oisst_signed_rank_gain_pp,OISST signed rank gain (pp),depth_m,Depth,341,43,17,122,11.315401084239005,2.6689754963305523,-0.7515048628451847,0.8532113567556836,-2.5602321393873146,1.0572224136969455,-0.8807956632255395,16,0.3914673995788186,43,17,0.7133472882241397,False,False
strict_5km,random_forest,oisst_signed_rank_gain_pp,OISST signed rank gain (pp),kelp_species_contrast,Bull-vs-giant kelp contrast,341,43,17,122,-1.1245338286930242,1.8252842191130494,-0.04655130235896254,0.9348114389164671,-2.0282630254906273,1.9351604207727022,-0.04979753180269147,16,0.9609000901769073,43,17,0.9609000901769073,False,False
strict_5km,random_forest,oisst_brier_gain,OISST Brier-score improvement,grazing_log1p,Urchin grazing pressure,341,43,17,122,3.143620321411316,2.4225528161237877,-0.0014800478517434084,0.005888849908426642,-0.013963851978935647,0.01100375627544883,-0.2513305441229765,16,0.8047579791726367,43,17,0.8047579791726367,False,False
strict_5km,random_forest,oisst_brier_gain,OISST Brier-score improvement,rock_probability,Rock probability,341,43,17,122,0.6438780764560117,0.1773335618110863,-0.01234614909536872,0.011233820942379794,-0.03616078564162235,0.011468487450884912,-1.099016012334027,16,0.28802373897351485,43,17,0.4380027182773935,False,False
strict_5km,random_forest,oisst_brier_gain,OISST Brier-score improvement,depth_m,Depth,341,43,17,122,11.315401084239005,2.6689754963305523,-0.006683853845376004,0.005327891227230906,-0.017978478691657238,0.004610771000905229,-1.2545026841416653,16,0.22767667258974786,43,17,0.4380027182773935,False,False
strict_5km,random_forest,oisst_brier_gain,OISST Brier-score improvement,kelp_species_contrast,Bull-vs-giant kelp contrast,341,43,17,122,-1.1245338286930242,1.8252842191130494,-0.004096122103249812,0.004064008895767647,-0.012711436097469966,0.0045191918909703414,-1.0079018546233027,16,0.3285020387080451,43,17,0.4380027182773935,False,False
strict_5km,xgboost,trajectory_rank_quality_pp,Trajectory rank quality (pp),grazing_log1p,Urchin grazing pressure,341,43,17,122,3.143620321411316,2.4225528161237877,-0.8808458032437932,2.5603348192271134,-6.308513154304044,4.5468215478164575,-0.3440353959290737,16,0.7352995143206003,43,17,0.9295485474944141,False,False
strict_5km,xgboost,trajectory_rank_quality_pp,Trajectory rank quality (pp),rock_probability,Rock probability,341,43,17,122,0.6438780764560117,0.1773335618110863,0.20378461392483355,2.16288124026723,-4.381318788903908,4.788888016753575,0.09421904916964159,16,0.9261049831760525,43,17,0.9295485474944141,False,False
strict_5km,xgboost,trajectory_rank_quality_pp,Trajectory rank quality (pp),depth_m,Depth,341,43,17,122,11.315401084239005,2.6689754963305523,0.1912401817464373,2.1292559146219943,-4.322580715058928,4.705061078551802,0.08981549865995703,16,0.9295485474944141,43,17,0.9295485474944141,False,False
strict_5km,xgboost,trajectory_rank_quality_pp,Trajectory rank quality (pp),kelp_species_contrast,Bull-vs-giant kelp contrast,341,43,17,122,-1.1245338286930242,1.8252842191130494,-1.9442474780185488,2.205323511642907,-6.619324476847574,2.7308295208104756,-0.8816155397400794,16,0.3910369124160721,43,17,0.9295485474944141,False,False
strict_5km,xgboost,trajectory_false_negative,False-negative probability,grazing_log1p,Urchin grazing pressure,122,37,16,122,3.3329773559146574,2.4423089274794596,-0.05557223298389367,0.033019705807119076,-0.1259520699209951,0.014807603953207786,-1.6830020627231708,15,0.11306657560392978,37,16,0.33411579365688115,False,False
strict_5km,xgboost,trajectory_false_negative,False-negative probability,rock_probability,Rock probability,122,37,16,122,0.6523541957827867,0.18265484527985265,0.0387254260716664,0.04299039119326769,-0.05290642370066101,0.13035727584399381,0.9007925956656756,15,0.38193392958446515,37,16,0.5092452394459536,False,False
strict_5km,xgboost,trajectory_false_negative,False-negative probability,depth_m,Depth,122,37,16,122,11.422819829860655,2.9418741535832362,0.07578443235887677,0.052188040354710585,-0.03545174253882635,0.1870206072565799,1.4521417520908377,15,0.16705789682844058,37,16,0.33411579365688115,False,False
strict_5km,xgboost,trajectory_false_negative,False-negative probability,kelp_species_contrast,Bull-vs-giant kelp contrast,122,37,16,122,-1.1511303302863938,1.9045334316148987,0.0013298543724789072,0.07179447128285708,-0.1516964388170712,0.154356147562029,0.018523074948759276,15,0.9854657124540531,37,16,0.9854657124540531,False,False
strict_5km,xgboost,trajectory_false_positive,False-positive probability,grazing_log1p,Urchin grazing pressure,219,41,17,0,3.038133754245072,2.4050195340015255,-0.021047866343449684,0.03476669501921798,-0.09474996735109908,0.05265423466419972,-0.6054031403276917,16,0.5534022285611937,41,17,0.8749577911976935,False,False
strict_5km,xgboost,trajectory_false_positive,False-positive probability,rock_probability,Rock probability,219,41,17,0,0.6391562200273974,0.17411988714122315,0.0052007117707220185,0.032523914168281834,-0.06374690622603588,0.07414832976747993,0.15990423980991464,16,0.8749577911976935,41,17,0.8749577911976935,False,False
strict_5km,xgboost,trajectory_false_positive,False-positive probability,depth_m,Depth,219,41,17,0,11.2555605044863,2.5020846822957026,-0.026515904211933717,0.028978331345405606,-0.08794722239364845,0.03491541396978101,-0.9150252268109876,16,0.3737631526722499,41,17,0.8749577911976935,False,False
strict_5km,xgboost,trajectory_false_positive,False-positive probability,kelp_species_contrast,Bull-vs-giant kelp contrast,219,41,17,0,-1.1097175127369006,1.7794339108356592,-0.009558322702560447,0.04318938728111977,-0.1011157336699253,0.0819990882648044,-0.22131183849276012,16,0.827649347725752,41,17,0.8749577911976935,False,False
strict_5km,xgboost,oisst_signed_rank_gain_pp,OISST signed rank gain (pp),grazing_log1p,Urchin grazing pressure,341,43,17,122,3.143620321411316,2.4225528161237877,-2.0805399819079287,1.991749764250385,-6.302860861865005,2.1417808980491473,-1.0445790024686965,16,0.3117435513476881,43,17,0.7250034240534214,False,False
strict_5km,xgboost,oisst_signed_rank_gain_pp,OISST signed rank gain (pp),rock_probability,Rock probability,341,43,17,122,0.6438780764560117,0.1773335618110863,-0.1037946626490236,1.3795857798034745,-3.028385867984696,2.820796542686649,-0.07523610649553768,16,0.9409595288220743,43,17,0.9409595288220743,False,False
strict_5km,xgboost,oisst_signed_rank_gain_pp,OISST signed rank gain (pp),depth_m,Depth,341,43,17,122,11.315401084239005,2.6689754963305523,-0.8821061718319221,0.9596047886248779,-2.9163774483958926,1.1521651047320483,-0.9192390266163512,16,0.3716217585376316,43,17,0.7250034240534214,False,False
strict_5km,xgboost,oisst_signed_rank_gain_pp,OISST signed rank gain (pp),kelp_species_contrast,Bull-vs-giant kelp contrast,341,43,17,122,-1.1245338286930242,1.8252842191130494,-1.0437174539107252,1.6824217079650727,-4.610292148150757,2.522857240329307,-0.6203661358917707,16,0.5437525680400661,43,17,0.7250034240534214,False,False
strict_5km,xgboost,oisst_brier_gain,OISST Brier-score improvement,grazing_log1p,Urchin grazing pressure,341,43,17,122,3.143620321411316,2.4225528161237877,-0.008634379813438757,0.011831700521559909,-0.03371646444789249,0.01644770482101498,-0.729766595909443,16,0.4760820919763341,43,17,0.6347761226351122,False,False
strict_5km,xgboost,oisst_brier_gain,OISST Brier-score improvement,rock_probability,Rock probability,341,43,17,122,0.6438780764560117,0.1773335618110863,-0.013946667660313493,0.01494156672606828,-0.04562137414157361,0.017728038820946625,-0.9334140064429117,16,0.36447956405818605,43,17,0.6347761226351122,False,False
strict_5km,xgboost,oisst_brier_gain,OISST Brier-score improvement,depth_m,Depth,341,43,17,122,11.315401084239005,2.6689754963305523,-0.011580794053576239,0.006166127217349899,-0.0246523998173087,0.0014908117101562202,-1.8781308989199668,16,0.0787120963784604,43,17,0.3148483855138416,False,False
strict_5km,xgboost,oisst_brier_gain,OISST Brier-score improvement,kelp_species_contrast,Bull-vs-giant kelp contrast,341,43,17,122,-1.1245338286930242,1.8252842191130494,-0.002035768142669578,0.01006711613983426,-0.023377100995380047,0.01930556471004089,-0.20221959440939694,16,0.8422939275093931,43,17,0.8422939275093931,False,False
primary_n_sites_ge2,logistic,trajectory_rank_quality_pp,Trajectory rank quality (pp),grazing_log1p,Urchin grazing pressure,280,36,17,96,3.3831195258417277,2.4631267129992183,0.9426774591975232,3.388342201937589,-6.240287130264986,8.125642048660032,0.2782119995608657,16,0.7844128828517685,36,17,0.7844128828517685,False,False
primary_n_sites_ge2,logistic,trajectory_rank_quality_pp,Trajectory rank quality (pp),rock_probability,Rock probability,280,36,17,96,0.6177797793214286,0.18818298566309746,-0.7603871906596195,2.4268628008455995,-5.9051065026551415,4.384332121335903,-0.3133210457528441,16,0.7580842272931257,36,17,0.7844128828517685,False,False
primary_n_sites_ge2,logistic,trajectory_rank_quality_pp,Trajectory rank quality (pp),depth_m,Depth,280,36,17,96,11.068781699075002,2.4103178066618183,-0.7965685869937433,1.3059566633432869,-3.565073038168485,1.9719358641809983,-0.6099502451746789,16,0.5504600851640531,36,17,0.7844128828517685,False,False
primary_n_sites_ge2,logistic,trajectory_rank_quality_pp,Trajectory rank quality (pp),kelp_species_contrast,Bull-vs-giant kelp contrast,280,36,17,96,-1.137176074515838,1.6803368593493462,-1.5217276594013451,2.4869036267307463,-6.793727836360412,3.750272517557721,-0.6118965138193916,16,0.5492033617226566,36,17,0.7844128828517685,False,False
primary_n_sites_ge2,logistic,trajectory_false_negative,False-negative probability,grazing_log1p,Urchin grazing pressure,96,28,15,96,3.7596224223375714,2.4221947694236414,0.10379433802821954,0.10029733104019438,-0.11132204242047451,0.3189107184769136,1.0348664012467463,14,0.3182771582727625,28,15,0.4243695443636833,False,False
primary_n_sites_ge2,logistic,trajectory_false_negative,False-negative probability,rock_probability,Rock probability,96,28,15,96,0.6249003787864583,0.20436765521078828,0.062398011355687365,0.04871656236990926,-0.04208862309641143,0.16688464580778617,1.2808377340316754,14,0.22106288279378333,28,15,0.4243695443636833,False,False
primary_n_sites_ge2,logistic,trajectory_false_negative,False-negative probability,depth_m,Depth,96,28,15,96,10.95180343475,2.831679733083757,0.017363502386243894,0.05173924721842935,-0.09360614629073163,0.12833315106321944,0.3355963474485781,14,0.742151419060758,28,15,0.742151419060758,False,False
primary_n_sites_ge2,logistic,trajectory_false_negative,False-negative probability,kelp_species_contrast,Bull-vs-giant kelp contrast,96,28,15,96,-1.1209577158574706,1.78209100962979,0.17146472028205836,0.10268756515811897,-0.0487782024837673,0.391707643047884,1.6697710187015915,14,0.1171623896242284,28,15,0.4243695443636833,False,False
primary_n_sites_ge2,logistic,trajectory_false_positive,False-positive probability,grazing_log1p,Urchin grazing pressure,184,34,15,0,3.1866832320178102,2.4614583249156974,-0.020262842654945417,0.033660593723896896,-0.09245763598136907,0.051931950671478225,-0.6019752004718822,14,0.5568146884535212,34,15,0.7424195846046949,False,False
primary_n_sites_ge2,logistic,trajectory_false_positive,False-positive probability,rock_probability,Rock probability,184,34,15,0,0.6140646839483695,0.17904696027033004,0.028272719392235808,0.028644818908818485,-0.03316430688121427,0.08970974566568589,0.9870098841341209,14,0.3403898641554447,34,15,0.6814097139292937,False,False
primary_n_sites_ge2,logistic,trajectory_false_positive,False-positive probability,depth_m,Depth,184,34,15,0,11.129813836983697,2.1555420584802536,-0.024638551610729868,0.02497966170479805,-0.07821459750387089,0.028937494282411148,-0.9863444870431267,14,0.34070485696464686,34,15,0.6814097139292937,False,False
primary_n_sites_ge2,logistic,trajectory_false_positive,False-positive probability,kelp_species_contrast,Bull-vs-giant kelp contrast,184,34,15,0,-1.145637826859334,1.6246556154290388,0.0063123974723663205,0.030248168615025786,-0.05856347190703409,0.07118826685176674,0.20868693085870446,14,0.8376984055363974,34,15,0.8376984055363974,False,False
primary_n_sites_ge2,logistic,oisst_signed_rank_gain_pp,OISST signed rank gain (pp),grazing_log1p,Urchin grazing pressure,280,36,17,96,3.3831195258417277,2.4631267129992183,0.6518113353697588,1.3225675976779798,-2.151906723526115,3.455529394265633,0.4928378228183861,16,0.6288221578002203,36,17,0.9595692964722456,False,False
primary_n_sites_ge2,logistic,oisst_signed_rank_gain_pp,OISST signed rank gain (pp),rock_probability,Rock probability,280,36,17,96,0.6177797793214286,0.18818298566309746,0.2930108201155726,0.7717702144485751,-1.3430689472750859,1.929090587506231,0.3796607003354321,16,0.709189284163999,36,17,0.9595692964722456,False,False
primary_n_sites_ge2,logistic,oisst_signed_rank_gain_pp,OISST signed rank gain (pp),depth_m,Depth,280,36,17,96,11.068781699075002,2.4103178066618183,0.00848201463363818,0.8996323152092428,-1.8986532977291217,1.915617326996398,0.009428312534177224,16,0.9925939653176192,36,17,0.9925939653176192,False,False
primary_n_sites_ge2,logistic,oisst_signed_rank_gain_pp,OISST signed rank gain (pp),kelp_species_contrast,Bull-vs-giant kelp contrast,280,36,17,96,-1.137176074515838,1.6803368593493462,0.37173135963209575,1.0176260130188872,-1.7855394179920405,2.529002137256232,0.3652927056466631,16,0.7196769723541843,36,17,0.9595692964722456,False,False
primary_n_sites_ge2,logistic,oisst_brier_gain,OISST Brier-score improvement,grazing_log1p,Urchin grazing pressure,280,36,17,96,3.3831195258417277,2.4631267129992183,0.007562959309196888,0.008030429221929545,-0.009460790153392771,0.024586708771786547,0.941787680357597,16,0.36030485150331637,36,17,0.9715662931553649,False,False
primary_n_sites_ge2,logistic,oisst_brier_gain,OISST Brier-score improvement,rock_probability,Rock probability,280,36,17,96,0.6177797793214286,0.18818298566309746,-0.00027235087923314786,0.007522342568459633,-0.01621900475266835,0.01567430299420205,-0.03620559377009571,16,0.9715662931553649,36,17,0.9715662931553649,False,False
primary_n_sites_ge2,logistic,oisst_brier_gain,OISST Brier-score improvement,depth_m,Depth,280,36,17,96,11.068781699075002,2.4103178066618183,-0.0024197485089413706,0.0057881389498924485,-0.01469005494144732,0.009850557923564578,-0.4180529406582979,16,0.6814652646575898,36,17,0.9715662931553649,False,False
primary_n_sites_ge2,logistic,oisst_brier_gain,OISST Brier-score improvement,kelp_species_contrast,Bull-vs-giant kelp contrast,280,36,17,96,-1.137176074515838,1.6803368593493462,0.0019110174179255732,0.005490382364855833,-0.009728073252083231,0.013550108087934378,0.34806636240092775,16,0.732327564073346,36,17,0.9715662931553649,False,False
primary_n_sites_ge2,random_forest,trajectory_rank_quality_pp,Trajectory rank quality (pp),grazing_log1p,Urchin grazing pressure,280,36,17,96,3.3831195258417277,2.4631267129992183,-1.0539863694571219,3.193582151209391,-7.824078095304324,5.71610535639008,-0.33003264658715087,16,0.7456569790517394,36,17,0.8637027897290999,False,False
primary_n_sites_ge2,random_forest,trajectory_rank_quality_pp,Trajectory rank quality (pp),rock_probability,Rock probability,280,36,17,96,0.6177797793214286,0.18818298566309746,-0.348366460681024,1.9969811280781349,-4.581777336538702,3.885044415176653,-0.17444654623065303,16,0.8637027897290999,36,17,0.8637027897290999,False,False
primary_n_sites_ge2,random_forest,trajectory_rank_quality_pp,Trajectory rank quality (pp),depth_m,Depth,280,36,17,96,11.068781699075002,2.4103178066618183,-0.42152866789516646,1.4509106727033245,-3.4973218916556195,2.654264555865286,-0.2905269606362312,16,0.7751450391995585,36,17,0.8637027897290999,False,False
primary_n_sites_ge2,random_forest,trajectory_rank_quality_pp,Trajectory rank quality (pp),kelp_species_contrast,Bull-vs-giant kelp contrast,280,36,17,96,-1.137176074515838,1.6803368593493462,-1.8401924345240361,2.134018948591855,-6.36411051228248,2.683725643234407,-0.8623130716521041,16,0.40125548820810447,36,17,0.8637027897290999,False,False
primary_n_sites_ge2,random_forest,trajectory_false_negative,False-negative probability,grazing_log1p,Urchin grazing pressure,96,28,15,96,3.7596224223375714,2.4221947694236414,0.10922979537512477,0.06942368472999229,-0.03966919945996521,0.25812879021021473,1.5733793992633687,14,0.13795225154000565,28,15,0.2930563719440275,False,False
primary_n_sites_ge2,random_forest,trajectory_false_negative,False-negative probability,rock_probability,Rock probability,96,28,15,96,0.6249003787864583,0.20436765521078828,0.02114262264634413,0.06392425901501378,-0.11596127712406708,0.15824652241675535,0.3307448998568509,14,0.7457351758057997,28,15,0.7457351758057997,False,False
primary_n_sites_ge2,random_forest,trajectory_false_negative,False-negative probability,depth_m,Depth,96,28,15,96,10.95180343475,2.831679733083757,-0.02527745506100621,0.034631500472304656,-0.09955463625662439,0.04899972613461196,-0.7298977727292233,14,0.47748881349433375,28,15,0.6366517513257783,False,False
primary_n_sites_ge2,random_forest,trajectory_false_negative,False-negative probability,kelp_species_contrast,Bull-vs-giant kelp contrast,96,28,15,96,-1.1209577158574706,1.78209100962979,0.10885485798653782,0.07081268351301682,-0.043023242947917206,0.26073295892099285,1.537222607395299,14,0.14652818597201375,28,15,0.2930563719440275,False,False
primary_n_sites_ge2,random_forest,trajectory_false_positive,False-positive probability,grazing_log1p,Urchin grazing pressure,184,34,15,0,3.1866832320178102,2.4614583249156974,-0.04810678730634051,0.04498591195547665,-0.14459197241228922,0.0483783977996082,-1.0693745044882639,14,0.30299268683121644,34,15,0.8199217541735103,False,False
primary_n_sites_ge2,random_forest,trajectory_false_positive,False-positive probability,rock_probability,Rock probability,184,34,15,0,0.6140646839483695,0.17904696027033004,0.014341612444660489,0.027928724478449015,-0.045559544027241064,0.07424276891656205,0.5135076059677227,14,0.615604249237233,34,15,0.8199217541735103,False,False
primary_n_sites_ge2,random_forest,trajectory_false_positive,False-positive probability,depth_m,Depth,184,34,15,0,11.129813836983697,2.1555420584802536,-0.015247177066521256,0.025837235741285266,-0.07066253633702399,0.040168182203981474,-0.5901241610826743,14,0.5645116639492206,34,15,0.8199217541735103,False,False
primary_n_sites_ge2,random_forest,trajectory_false_positive,False-positive probability,kelp_species_contrast,Bull-vs-giant kelp contrast,184,34,15,0,-1.145637826859334,1.6246556154290388,-0.007880993737803502,0.03397495767594679,-0.08075003068374499,0.06498804320813799,-0.23196478456198338,14,0.8199217541735103,34,15,0.8199217541735103,False,False
primary_n_sites_ge2,random_forest,oisst_signed_rank_gain_pp,OISST signed rank gain (pp),grazing_log1p,Urchin grazing pressure,280,36,17,96,3.3831195258417277,2.4631267129992183,-1.7047762550233878,1.5481367454532131,-4.9866795456288004,1.577127035582025,-1.1011793758078643,16,0.2871093636855024,36,17,0.5742187273710048,False,False
primary_n_sites_ge2,random_forest,oisst_signed_rank_gain_pp,OISST signed rank gain (pp),rock_probability,Rock probability,280,36,17,96,0.6177797793214286,0.18818298566309746,-1.0849504478304661,0.8658554390697155,-2.9204819814739023,0.75058108581297,-1.2530387855461746,16,0.2281951402945519,36,17,0.5742187273710048,False,False
primary_n_sites_ge2,random_forest,oisst_signed_rank_gain_pp,OISST signed rank gain (pp),depth_m,Depth,280,36,17,96,11.068781699075002,2.4103178066618183,0.5563129378140206,0.7641647673659597,-1.0636440020032547,2.176269877631296,0.7280012918308251,16,0.4771325886868139,36,17,0.6361767849157519,False,False
primary_n_sites_ge2,random_forest,oisst_signed_rank_gain_pp,OISST signed rank gain (pp),kelp_species_contrast,Bull-vs-giant kelp contrast,280,36,17,96,-1.137176074515838,1.6803368593493462,-0.08342345881542555,1.169075551255108,-2.5617529151111387,2.3949059974802878,-0.07135848382584252,16,0.9439968067788123,36,17,0.9439968067788123,False,False
primary_n_sites_ge2,random_forest,oisst_brier_gain,OISST Brier-score improvement,grazing_log1p,Urchin grazing pressure,280,36,17,96,3.3831195258417277,2.4631267129992183,-0.002617414325336621,0.004610252952945472,-0.012390713991036164,0.007155885340362923,-0.5677376820862651,16,0.5780935902522549,36,17,0.5780935902522549,False,False
primary_n_sites_ge2,random_forest,oisst_brier_gain,OISST Brier-score improvement,rock_probability,Rock probability,280,36,17,96,0.6177797793214286,0.18818298566309746,-0.010552167459974606,0.008209190915259481,-0.02795487478355216,0.006850539863602947,-1.285408948202183,16,0.21694423319631242,36,17,0.43388846639262485,False,False
primary_n_sites_ge2,random_forest,oisst_brier_gain,OISST Brier-score improvement,depth_m,Depth,280,36,17,96,11.068781699075002,2.4103178066618183,-0.0026645902750971036,0.0010484861739037932,-0.004887281671315973,-0.00044189887887823454,-2.5413690150783053,16,0.021779866028336835,36,17,0.08711946411334734,True,True
primary_n_sites_ge2,random_forest,oisst_brier_gain,OISST Brier-score improvement,kelp_species_contrast,Bull-vs-giant kelp contrast,280,36,17,96,-1.137176074515838,1.6803368593493462,0.003070360653599485,0.004064601939731475,-0.0055462105376622595,0.011686931844861229,0.7553902446354503,16,0.46099120920368597,36,17,0.5780935902522549,False,False
primary_n_sites_ge2,xgboost,trajectory_rank_quality_pp,Trajectory rank quality (pp),grazing_log1p,Urchin grazing pressure,280,36,17,96,3.3831195258417277,2.4631267129992183,-3.0699029745702804,3.349493715493405,-10.170512451753037,4.030706502612477,-0.9165274621564893,16,0.3729987794798534,36,17,0.7777519025737966,False,False
primary_n_sites_ge2,xgboost,trajectory_rank_quality_pp,Trajectory rank quality (pp),rock_probability,Rock probability,280,36,17,96,0.6177797793214286,0.18818298566309746,0.27188830496576394,1.9206122896777225,-3.7996278656715075,4.343404475603036,0.14156334749445273,16,0.8891920353977621,36,17,0.9739379911781026,False,False
primary_n_sites_ge2,xgboost,trajectory_rank_quality_pp,Trajectory rank quality (pp),depth_m,Depth,280,36,17,96,11.068781699075002,2.4103178066618183,0.0618114568794389,1.8626661354013647,-3.8868643542378893,4.010487267996767,0.033184399342783916,16,0.9739379911781026,36,17,0.9739379911781026,False,False
primary_n_sites_ge2,xgboost,trajectory_rank_quality_pp,Trajectory rank quality (pp),kelp_species_contrast,Bull-vs-giant kelp contrast,280,36,17,96,-1.137176074515838,1.6803368593493462,-2.287972738534854,2.583119255627839,-7.763940937060772,3.1879954599910643,-0.8857402667530934,16,0.3888759512868983,36,17,0.7777519025737966,False,False
primary_n_sites_ge2,xgboost,trajectory_false_negative,False-negative probability,grazing_log1p,Urchin grazing pressure,96,28,15,96,3.7596224223375714,2.4221947694236414,0.04209606885308466,0.09717713406905093,-0.16632815466821949,0.2505202923743888,0.4331890341937081,14,0.6714771174704363,28,15,0.6731203546286907,False,False
primary_n_sites_ge2,xgboost,trajectory_false_negative,False-negative probability,rock_probability,Rock probability,96,28,15,96,0.6249003787864583,0.20436765521078828,0.038452255810944816,0.06391647305097681,-0.09863494472744731,0.17553945634933693,0.6016016525235535,14,0.5570564305025323,28,15,0.6731203546286907,False,False
primary_n_sites_ge2,xgboost,trajectory_false_negative,False-negative probability,depth_m,Depth,96,28,15,96,10.95180343475,2.831679733083757,0.02481005673626896,0.057580834528856636,-0.09868855064042059,0.1483086641129585,0.4308735178861536,14,0.6731203546286907,28,15,0.6731203546286907,False,False
primary_n_sites_ge2,xgboost,trajectory_false_negative,False-negative probability,kelp_species_contrast,Bull-vs-giant kelp contrast,96,28,15,96,-1.1209577158574706,1.78209100962979,0.07132692127860663,0.09289177261066842,-0.12790611603384267,0.2705599585910559,0.7678497166541839,14,0.45533316598856266,28,15,0.6731203546286907,False,False
primary_n_sites_ge2,xgboost,trajectory_false_positive,False-positive probability,grazing_log1p,Urchin grazing pressure,184,34,15,0,3.1866832320178102,2.4614583249156974,-0.025389151270422402,0.0506582665670435,-0.13404032703640886,0.08326202449556405,-0.5011847619543243,14,0.6240290188257556,34,15,0.6240290188257556,False,False
primary_n_sites_ge2,xgboost,trajectory_false_positive,False-positive probability,rock_probability,Rock probability,184,34,15,0,0.6140646839483695,0.17904696027033004,0.020345141468709048,0.03106672791447607,-0.04628636299942366,0.08697664593684176,0.6548852368591056,14,0.5231564740242929,34,15,0.6240290188257556,False,False
primary_n_sites_ge2,xgboost,trajectory_false_positive,False-positive probability,depth_m,Depth,184,34,15,0,11.129813836983697,2.1555420584802536,-0.03019637670280941,0.028230780733891063,-0.09074537941038537,0.030352626004766552,-1.0696259868774598,14,0.30288331862389095,34,15,0.6240290188257556,False,False
primary_n_sites_ge2,xgboost,trajectory_false_positive,False-positive probability,kelp_species_contrast,Bull-vs-giant kelp contrast,184,34,15,0,-1.145637826859334,1.6246556154290388,-0.020625102911800784,0.03604861400218142,-0.09794169034156684,0.05669148451796528,-0.5721469044705211,14,0.5762950743116931,34,15,0.6240290188257556,False,False
primary_n_sites_ge2,xgboost,oisst_signed_rank_gain_pp,OISST signed rank gain (pp),grazing_log1p,Urchin grazing pressure,280,36,17,96,3.3831195258417277,2.4631267129992183,-1.4691019734537556,2.7280633004535364,-7.2523378206962335,4.314133873788721,-0.5385146206869612,16,0.5976348352819518,36,17,0.8994871902060259,False,False
primary_n_sites_ge2,xgboost,oisst_signed_rank_gain_pp,OISST signed rank gain (pp),rock_probability,Rock probability,280,36,17,96,0.6177797793214286,0.18818298566309746,0.003786875734846873,1.025338998896442,-2.169834701523937,2.1774084529936304,0.003693291427442664,16,0.9970988436366635,36,17,0.9970988436366635,False,False
primary_n_sites_ge2,xgboost,oisst_signed_rank_gain_pp,OISST signed rank gain (pp),depth_m,Depth,280,36,17,96,11.068781699075002,2.4103178066618183,0.680236930713817,1.5906878167821241,-2.691870601489296,4.052344462916929,0.42763697787658905,16,0.6746153926545194,36,17,0.8994871902060259,False,False
primary_n_sites_ge2,xgboost,oisst_signed_rank_gain_pp,OISST signed rank gain (pp),kelp_species_contrast,Bull-vs-giant kelp contrast,280,36,17,96,-1.137176074515838,1.6803368593493462,-1.1128117519887895,2.107946237812503,-5.581458152001021,3.3558346480234427,-0.5279127769138918,16,0.6048048049371828,36,17,0.8994871902060259,False,False
primary_n_sites_ge2,xgboost,oisst_brier_gain,OISST Brier-score improvement,grazing_log1p,Urchin grazing pressure,280,36,17,96,3.3831195258417277,2.4631267129992183,-0.013807881489384308,0.017624407841771782,-0.051169957068792946,0.023554194090024325,-0.7834522222447731,16,0.4448047916495458,36,17,0.655006028540797,False,False
primary_n_sites_ge2,xgboost,oisst_brier_gain,OISST Brier-score improvement,rock_probability,Rock probability,280,36,17,96,0.6177797793214286,0.18818298566309746,-0.014345526743379865,0.010383109410979393,-0.03635673540610916,0.007665681919349427,-1.3816214561131852,16,0.18607720089642427,36,17,0.655006028540797,False,False
primary_n_sites_ge2,xgboost,oisst_brier_gain,OISST Brier-score improvement,depth_m,Depth,280,36,17,96,11.068781699075002,2.4103178066618183,-0.0065464554854737615,0.009564875003275235,-0.026823084691305846,0.013730173720358323,-0.6844266635196072,16,0.5034999013952111,36,17,0.655006028540797,False,False
primary_n_sites_ge2,xgboost,oisst_brier_gain,OISST Brier-score improvement,kelp_species_contrast,Bull-vs-giant kelp contrast,280,36,17,96,-1.137176074515838,1.6803368593493462,0.0060834530898217255,0.013361208607333983,-0.022241043840866222,0.03440795002050967,0.45530709598250796,16,0.655006028540797,36,17,0.655006028540797,False,False
